Adaptive Trapezoidal method [integral,n,error]

[0.1479795, 1, 0.30785305]
[0.3252319, 2, 0.13060062]
[0.5122829, 4, 0.05645032]
[0.4029974, 8, 0.05283508]
[0.4301034, 16, 0.02572916]
[0.4484147, 32, 0.00741787]
[0.4539129, 64, 0.0019196]
[0.4553485, 128, 0.00048403]
[0.4557113, 256, 0.00012127]
[0.4558022, 512, 3.033e-05]
[0.4558249, 1024, 7.58e-06]
[0.4558306, 2048, 1.9e-06]
[0.4558321, 4096, 4.7e-07]

I = 0.455832 


Romberg Table [integral] [n,error]

[0.14797948] [1, 0.30785305]
[0.32523191, 0.38431605] [2, 0.07151648]
[0.51228285, 0.57463317, 0.58732097] [4, 0.13148844]
[0.40299745, 0.36656898, 0.35269804, 0.34897386] [8, 0.10685867]
[0.43010337, 0.43913868, 0.44397666, 0.44542552, 0.44580376] [16, 0.01002877]
[0.44841467, 0.45451843, 0.45554375, 0.45572735, 0.45576775, 0.45577749] [32, 5.504e-05]
[0.45391293, 0.45574569, 0.4558275, 0.45583201, 0.45583242, 0.45583248, 0.45583249] [64, 4e-08]

I = 0.455832
