Adaptive Simpson's method [integral,n,error]

[0.384316, 2, 0.07151648]
[0.5746332, 4, 0.11880063]
[0.366569, 8, 0.08926355]
[0.4391387, 16, 0.01669386]
[0.4545184, 32, 0.0013141]
[0.4557457, 64, 8.685e-05]
[0.455827, 128, 5.5e-06]
[0.4558322, 256, 3.5e-07]

I = 0.455832 


Romberg Table [integral] [n,error]

[0.38431605] [2, 0.07151648]
[0.57463317, 0.58732097] [4, 0.13148844]
[0.36656898, 0.35269804, 0.34897386] [8, 0.10685867]
[0.43913868, 0.44397666, 0.44542552, 0.44580376] [16, 0.01002877]
[0.45451843, 0.45554375, 0.45572735, 0.45576775, 0.45577749] [32, 5.504e-05]
[0.45574569, 0.4558275, 0.45583201, 0.45583242, 0.45583248, 0.45583249] [64, 4e-08]

I = 0.455832
